// Created by Crowbar 0.42.0.0
version 1
nodes
  0 "ValveBiped.Bip01_Pelvis" -1
  1 "ValveBiped.Bip01_Spine" 0
  2 "ValveBiped.Bip01_Spine1" 1
  3 "ValveBiped.Bip01_Spine2" 2
  4 "ValveBiped.Bip01_Spine4" 3
  5 "ValveBiped.Bip01_Neck1" 4
  6 "ValveBiped.Bip01_Head1" 5
  7 "ValveBiped.forward" 6
  8 "ValveBiped.Bip01_R_Clavicle" 4
  9 "ValveBiped.Bip01_R_UpperArm" 8
  10 "ValveBiped.Bip01_R_Forearm" 9
  11 "ValveBiped.Bip01_R_Hand" 10
  12 "ValveBiped.Anim_Attachment_RH" 11
  13 "ValveBiped.Bip01_L_Clavicle" 4
  14 "ValveBiped.Bip01_L_UpperArm" 13
  15 "ValveBiped.Bip01_L_Forearm" 14
  16 "ValveBiped.Bip01_L_Hand" 15
  17 "ValveBiped.Anim_Attachment_LH" 16
  18 "ValveBiped.Bip01_R_Thigh" 0
  19 "ValveBiped.Bip01_R_Calf" 18
  20 "ValveBiped.Bip01_R_Foot" 19
  21 "ValveBiped.Bip01_L_Thigh" 0
  22 "ValveBiped.Bip01_L_Calf" 21
  23 "ValveBiped.Bip01_L_Foot" 22
  24 "ValveBiped.Bip01_R_Finger4" 11
  25 "ValveBiped.Bip01_R_Finger41" 24
  26 "ValveBiped.Bip01_R_Finger42" 25
  27 "ValveBiped.Bip01_R_Finger3" 11
  28 "ValveBiped.Bip01_R_Finger31" 27
  29 "ValveBiped.Bip01_R_Finger32" 28
  30 "ValveBiped.Bip01_R_Finger2" 11
  31 "ValveBiped.Bip01_R_Finger21" 30
  32 "ValveBiped.Bip01_R_Finger22" 31
  33 "ValveBiped.Bip01_R_Finger1" 11
  34 "ValveBiped.Bip01_R_Finger11" 33
  35 "ValveBiped.Bip01_R_Finger12" 34
  36 "ValveBiped.Bip01_R_Finger0" 11
  37 "ValveBiped.Bip01_R_Finger01" 36
  38 "ValveBiped.Bip01_R_Finger02" 37
  39 "ValveBiped.Bip01_L_Finger4" 16
  40 "ValveBiped.Bip01_L_Finger41" 39
  41 "ValveBiped.Bip01_L_Finger42" 40
  42 "ValveBiped.Bip01_L_Finger3" 16
  43 "ValveBiped.Bip01_L_Finger31" 42
  44 "ValveBiped.Bip01_L_Finger32" 43
  45 "ValveBiped.Bip01_L_Finger2" 16
  46 "ValveBiped.Bip01_L_Finger21" 45
  47 "ValveBiped.Bip01_L_Finger22" 46
  48 "ValveBiped.Bip01_L_Finger1" 16
  49 "ValveBiped.Bip01_L_Finger11" 48
  50 "ValveBiped.Bip01_L_Finger12" 49
  51 "ValveBiped.Bip01_L_Finger0" 16
  52 "ValveBiped.Bip01_L_Finger01" 51
  53 "ValveBiped.Bip01_L_Finger02" 52
  54 "ValveBiped.Bip01_R_Toe0" 20
  55 "ValveBiped.Bip01_L_Toe0" 23
end
skeleton
  time 0
    0 0.000000 -0.533612 38.566914 1.570796 0.000000 0.000000
    1 0.000000 3.345131 -2.981898 1.570796 0.083193 1.570796
    2 3.995838 0.000000 0.000000 0.000000 0.000000 -0.028816
    3 3.520298 0.000000 0.000000 0.000000 0.000000 0.097307
    4 8.921471 0.000000 0.000000 0.000000 0.000000 0.186413
    5 3.306366 0.000000 0.000000 3.141590 0.000000 0.406109
    6 3.601997 0.000004 0.000000 0.000000 -0.000001 0.405033
    7 2.000004 -3.000002 0.000000 -1.570796 0.000000 -1.326450
    8 2.059532 0.977923 -1.937661 -1.661569 1.286515 2.950147
    9 6.028136 0.000000 0.000000 1.633734 -0.011884 -0.586789
    10 11.692556 0.000000 0.000004 0.000000 0.000000 -0.060372
    11 11.481691 0.000000 -0.000004 -1.559993 0.038701 0.036022
    12 2.676085 -1.712444 0.000000 -1.570796 0.000000 -1.570795
    13 2.059528 0.977923 1.937661 1.589740 -1.286513 2.950147
    14 6.028142 0.000004 0.000000 -1.573855 0.051611 -0.584887
    15 11.692558 0.000000 -0.000008 0.000000 0.000000 -0.060372
    16 11.481672 0.000000 -0.000042 1.568292 -0.038709 0.036022
    17 2.676082 -1.712440 0.000000 1.570797 0.000001 1.570797
    18 -3.890447 0.000000 0.000000 -1.570796 0.051839 -1.576018
    19 17.848164 0.000000 0.000000 0.000000 0.000000 0.034200
    20 16.525230 0.000000 0.000000 0.038609 0.040781 -1.071639
    21 3.890447 0.000000 0.000000 -1.570796 0.051839 -1.565574
    22 17.848152 0.000000 0.000000 0.000000 0.000000 0.034200
    23 16.525230 0.000000 0.000000 -0.027915 -0.040781 -1.071638
    24 3.859674 -0.132584 1.193111 0.479140 -0.158545 -0.879041
    25 1.312569 -0.000004 0.000002 0.000000 -0.011932 -0.439672
    26 0.729366 -0.000006 0.000002 0.000000 -0.006134 -0.244271
    27 3.942299 0.050316 0.431045 0.154999 -0.079305 -0.810205
    28 1.539124 0.000006 0.000003 0.000000 -0.005854 -0.247771
    29 1.196316 0.000000 -0.000001 0.000000 -0.009663 -0.430761
    30 3.881351 0.211346 -0.402027 -0.087717 -0.035763 -0.519702
    31 1.719597 0.000004 0.000001 0.000000 -0.007584 -0.366444
    32 1.209175 -0.000002 0.000001 0.000000 -0.004241 -0.216380
    33 3.871256 0.106621 -1.301833 -0.352486 0.029262 -0.464072
    34 1.719418 -0.000011 -0.000004 0.000000 -0.007737 -0.362953
    35 1.099663 0.000004 0.000006 -0.000001 -0.004929 -0.244295
    36 0.838812 -0.311195 -1.310237 1.248034 0.664310 -0.725028
    37 1.789787 -0.000009 -0.000004 0.000001 0.003279 0.228617
    38 1.207003 0.000002 -0.000002 0.000000 0.005010 0.362995
    39 3.859700 -0.142418 -1.191979 -0.479144 0.152190 -0.879874
    40 1.312569 0.000004 0.000000 0.000000 0.009665 -0.439720
    41 0.729362 -0.000005 0.000000 0.000000 0.004971 -0.244299
    42 3.942321 0.046764 -0.431444 -0.155014 0.073328 -0.810648
    43 1.539078 -0.000010 -0.000001 0.000000 0.004460 -0.247797
    44 1.196316 0.000001 0.000002 0.000000 0.007361 -0.430802
    45 3.881356 0.214684 0.400259 0.087707 0.031641 -0.519952
    46 1.719576 -0.000004 0.000001 0.000000 0.005005 -0.366486
    47 1.209171 0.000010 0.000000 0.000000 0.002798 -0.216404
    48 3.871285 0.117409 1.300909 0.352467 -0.032975 -0.463848
    49 1.719418 -0.000015 0.000002 0.000000 0.005107 -0.362997
    50 1.099674 -0.000011 -0.000003 0.000000 0.003255 -0.244324
    51 0.838822 -0.300285 1.312778 -1.251009 -0.669799 -0.720133
    52 1.789780 -0.000004 0.000004 0.000000 -0.002159 0.228630
    53 1.207008 -0.000008 0.000006 0.000000 -0.003300 0.363014
    54 6.879425 0.000002 0.000000 -0.081334 -0.002949 -0.584373
    55 6.879438 -0.000006 0.000000 -0.007299 -0.002951 -0.584373
end
triangles
tiesandties
  3 1.097400 -4.549901 52.970100 0.973300 0.225300 0.043900 0.018000 -1.510300 1 3 1.000000
  3 0.468900 -4.561101 52.964802 -0.012200 0.998660 -0.050298 0.031700 -1.510300 1 3 1.000000
  3 0.365700 -4.460102 55.100601 0.002800 0.995606 -0.093601 0.033400 -1.401700 1 3 1.000000
tiesandties
  3 0.365700 -4.460102 55.100601 0.002800 0.995606 -0.093601 0.033400 -1.401700 1 3 1.000000
  3 -0.376500 -4.454201 55.099800 0.008700 0.995256 -0.096896 0.049600 -1.401700 1 3 1.000000
  4 -0.278800 -4.110101 57.523197 0.016100 0.952311 -0.304704 0.047100 -1.289300 1 4 1.000000
tiesandties
  3 0.365700 -4.460102 55.100601 0.002800 0.995606 -0.093601 0.033400 -1.401700 1 3 1.000000
  3 0.468900 -4.561101 52.964802 -0.012200 0.998660 -0.050298 0.031700 -1.510300 1 3 1.000000
  3 -0.376500 -4.454201 55.099800 0.008700 0.995256 -0.096896 0.049600 -1.401700 1 3 1.000000
tiesandties
  3 0.468900 -4.561101 52.964802 -0.012200 0.998660 -0.050298 0.031700 -1.510300 1 3 1.000000
  3 -0.446300 -4.570901 52.964802 0.001500 0.998507 -0.054600 0.051300 -1.510300 1 3 1.000000
  3 -0.376500 -4.454201 55.099800 0.008700 0.995256 -0.096896 0.049600 -1.401700 1 3 1.000000
tiesandties
  3 -0.446300 -4.570901 52.964802 0.001500 0.998507 -0.054600 0.051300 -1.510300 1 3 1.000000
  3 -1.111300 -4.561801 52.970001 -0.977655 0.208190 0.029099 0.065000 -1.510300 1 3 1.000000
  3 -0.376500 -4.454201 55.099800 0.008700 0.995256 -0.096896 0.049600 -1.401700 1 3 1.000000
tiesandties
  4 -0.324500 -3.267501 59.155697 -0.789443 0.406622 -0.459825 0.055800 -1.221600 1 4 1.000000
  4 -0.504600 -2.668102 59.714695 0.115903 0.847422 -0.518114 0.055800 -1.185500 1 4 1.000000
  4 -0.168700 -3.269400 59.157597 0.005400 0.795466 -0.605974 0.046300 -1.224600 1 4 1.000000
tiesandties
  4 -0.662600 -2.593301 59.786594 -0.680169 0.369583 -0.633071 0.061200 -1.191600 1 4 1.000000
  4 -0.504600 -2.668102 59.714695 0.115903 0.847422 -0.518114 0.055800 -1.185500 1 4 1.000000
  4 -0.324500 -3.267501 59.155697 -0.789443 0.406622 -0.459825 0.055800 -1.221600 1 4 1.000000
tiesandties
  4 -0.662600 -2.593301 59.786594 -0.680169 0.369583 -0.633071 0.061200 -1.191600 1 4 1.000000
  4 -0.890900 -2.273501 60.210796 -0.668132 0.734236 -0.120406 0.065300 -1.164500 1 4 1.000000
  4 -0.504600 -2.668102 59.714695 0.115903 0.847422 -0.518114 0.055800 -1.185500 1 4 1.000000
tiesandties
  4 -0.890900 -2.273501 60.210796 -0.668132 0.734236 -0.120406 0.065300 -1.164500 1 4 1.000000
  4 -0.662600 -2.593301 59.786594 -0.680169 0.369583 -0.633071 0.061200 -1.191600 1 4 1.000000
  4 -0.504600 -3.029701 60.177795 -0.691710 -0.665810 0.279704 0.055800 -1.185500 1 4 1.000000
tiesandties
  4 -0.504600 -3.029701 60.177795 -0.691710 -0.665810 0.279704 0.055800 -1.185500 1 4 1.000000
  4 -0.646500 -2.347001 60.919395 -0.361403 0.533204 0.764906 0.055800 -1.152500 1 4 1.000000
  4 -0.890900 -2.273501 60.210796 -0.668132 0.734236 -0.120406 0.065300 -1.164500 1 4 1.000000
tiesandties
  4 -0.504600 -3.029701 60.177795 -0.691710 -0.665810 0.279704 0.055800 -1.185500 1 4 1.000000
  4 -0.005100 -2.726001 60.959396 0.002500 0.067202 0.997736 0.042200 -1.155500 1 4 1.000000
  4 -0.646500 -2.347001 60.919395 -0.361403 0.533204 0.764906 0.055800 -1.152500 1 4 1.000000
tiesandties
  4 -0.005100 -2.726001 60.959396 0.002500 0.067202 0.997736 0.042200 -1.155500 1 4 1.000000
  4 -0.504600 -2.668102 59.714695 0.115903 0.847422 -0.518114 0.055800 -1.185500 1 4 1.000000
  4 -0.646500 -2.347001 60.919395 -0.361403 0.533204 0.764906 0.055800 -1.152500 1 4 1.000000
tiesandties
  4 -0.005100 -2.726001 60.959396 0.002500 0.067202 0.997736 0.042200 -1.155500 1 4 1.000000
  4 0.000300 -2.673701 59.697395 0.002200 0.919530 -0.393013 0.042200 -1.191600 1 4 1.000000
  4 -0.504600 -2.668102 59.714695 0.115903 0.847422 -0.518114 0.055800 -1.185500 1 4 1.000000
tiesandties
  4 -0.504600 -2.668102 59.714695 0.115903 0.847422 -0.518114 0.055800 -1.185500 1 4 1.000000
  4 0.000300 -2.673701 59.697395 0.002200 0.919530 -0.393013 0.042200 -1.191600 1 4 1.000000
  4 -0.168700 -3.269400 59.157597 0.005400 0.795466 -0.605974 0.046300 -1.224600 1 4 1.000000
tiesandties
  4 -0.168700 -3.269400 59.157597 0.005400 0.795466 -0.605974 0.046300 -1.224600 1 4 1.000000
  4 0.000300 -2.673701 59.697395 0.002200 0.919530 -0.393013 0.042200 -1.191600 1 4 1.000000
  4 0.192600 -3.269500 59.156796 -0.009000 0.796099 -0.605099 0.036800 -1.224600 1 4 1.000000
tiesandties
  4 -0.278800 -4.110101 57.523197 0.016100 0.952311 -0.304704 0.047100 -1.289300 1 4 1.000000
  4 -0.168700 -3.269400 59.157597 0.005400 0.795466 -0.605974 0.046300 -1.224600 1 4 1.000000
  4 0.192600 -3.269500 59.156796 -0.009000 0.796099 -0.605099 0.036800 -1.224600 1 4 1.000000
tiesandties
  4 0.192600 -3.269500 59.156796 -0.009000 0.796099 -0.605099 0.036800 -1.224600 1 4 1.000000
  4 0.288900 -4.112102 57.523296 -0.008500 0.951994 -0.305998 0.034600 -1.289300 1 4 1.000000
  4 -0.278800 -4.110101 57.523197 0.016100 0.952311 -0.304704 0.047100 -1.289300 1 4 1.000000
tiesandties
  4 -0.278800 -4.110101 57.523197 0.016100 0.952311 -0.304704 0.047100 -1.289300 1 4 1.000000
  4 0.288900 -4.112102 57.523296 -0.008500 0.951994 -0.305998 0.034600 -1.289300 1 4 1.000000
  3 0.365700 -4.460102 55.100601 0.002800 0.995606 -0.093601 0.033400 -1.401700 1 3 1.000000
tiesandties
  4 0.288900 -4.112102 57.523296 -0.008500 0.951994 -0.305998 0.034600 -1.289300 1 4 1.000000
  3 0.878600 -4.460201 55.096001 0.962931 0.268109 0.029701 0.021800 -1.401700 1 3 1.000000
  3 0.365700 -4.460102 55.100601 0.002800 0.995606 -0.093601 0.033400 -1.401700 1 3 1.000000
tiesandties
  3 0.365700 -4.460102 55.100601 0.002800 0.995606 -0.093601 0.033400 -1.401700 1 3 1.000000
  3 0.878600 -4.460201 55.096001 0.962931 0.268109 0.029701 0.021800 -1.401700 1 3 1.000000
  3 1.097400 -4.549901 52.970100 0.973300 0.225300 0.043900 0.018000 -1.510300 1 3 1.000000
tiesandties
  3 0.878600 -4.460201 55.096001 0.962931 0.268109 0.029701 0.021800 -1.401700 1 3 1.000000
  3 0.365700 -4.784101 55.183601 0.272910 -0.957534 0.093003 0.033400 -1.401700 1 3 1.000000
  3 1.097400 -4.549901 52.970100 0.973300 0.225300 0.043900 0.018000 -1.510300 1 3 1.000000
tiesandties
  3 0.468900 -4.886302 52.967701 0.250696 -0.966284 0.058699 0.031700 -1.510300 1 3 1.000000
  3 1.097400 -4.549901 52.970100 0.973300 0.225300 0.043900 0.018000 -1.510300 1 3 1.000000
  3 0.365700 -4.784101 55.183601 0.272910 -0.957534 0.093003 0.033400 -1.401700 1 3 1.000000
tiesandties
  3 0.468900 -4.886302 52.967701 0.250696 -0.966284 0.058699 0.031700 -1.510300 1 3 1.000000
  3 0.365700 -4.784101 55.183601 0.272910 -0.957534 0.093003 0.033400 -1.401700 1 3 1.000000
  3 -0.376500 -4.778202 55.182899 -0.283891 -0.952469 0.110496 0.049600 -1.401700 1 3 1.000000
tiesandties
  4 -0.504600 -3.029701 60.177795 -0.691710 -0.665810 0.279704 0.055800 -1.185500 1 4 1.000000
  4 -0.662600 -2.593301 59.786594 -0.680169 0.369583 -0.633071 0.061200 -1.191600 1 4 1.000000
  4 -0.324500 -3.267501 59.155697 -0.789443 0.406622 -0.459825 0.055800 -1.221600 1 4 1.000000
tiesandties
  4 -0.646500 -2.347001 60.919395 -0.361403 0.533204 0.764906 0.055800 -1.152500 1 4 1.000000
  4 -0.504600 -2.668102 59.714695 0.115903 0.847422 -0.518114 0.055800 -1.185500 1 4 1.000000
  4 -0.890900 -2.273501 60.210796 -0.668132 0.734236 -0.120406 0.065300 -1.164500 1 4 1.000000
tiesandties
  4 -0.890900 -2.273501 60.210796 -0.668132 0.734236 -0.120406 0.065300 -1.164500 1 4 1.000000
  4 -1.466500 -1.713801 60.983894 -0.408215 -0.816530 0.408215 0.063900 -1.125500 1 4 1.000000
  4 -1.759900 -1.807400 60.660496 -0.333289 -0.666678 0.666678 0.072000 -1.140500 1 4 1.000000
tiesandties
  4 -1.466500 -1.713801 60.983894 -0.408215 -0.816530 0.408215 0.063900 -1.125500 1 4 1.000000
  4 -0.890900 -2.273501 60.210796 -0.668132 0.734236 -0.120406 0.065300 -1.164500 1 4 1.000000
  4 -1.759900 -1.807400 60.660496 -0.333289 -0.666678 0.666678 0.072000 -1.140500 1 4 1.000000
tiesandties
  4 -0.646500 -2.347001 60.919395 -0.361403 0.533204 0.764906 0.055800 -1.152500 1 4 1.000000
  4 -0.890900 -2.273501 60.210796 -0.668132 0.734236 -0.120406 0.065300 -1.164500 1 4 1.000000
  4 -1.466500 -1.713801 60.983894 -0.408215 -0.816530 0.408215 0.063900 -1.125500 1 4 1.000000
tiesandties
  4 -0.890900 -2.273501 60.210796 -0.668132 0.734236 -0.120406 0.065300 -1.164500 1 4 1.000000
  4 -0.646500 -2.347001 60.919395 -0.361403 0.533204 0.764906 0.055800 -1.152500 1 4 1.000000
  4 -1.466500 -1.713801 60.983894 -0.408215 -0.816530 0.408215 0.063900 -1.125500 1 4 1.000000
tiesandties
  3 -0.376500 -4.778202 55.182899 -0.283891 -0.952469 0.110496 0.049600 -1.401700 1 3 1.000000
  3 0.365700 -4.784101 55.183601 0.272910 -0.957534 0.093003 0.033400 -1.401700 1 3 1.000000
  4 -0.278800 -4.496501 57.667194 -0.409713 -0.867528 0.282009 0.047100 -1.289300 1 4 1.000000
tiesandties
  4 0.288900 -4.498501 57.667397 0.405500 -0.864500 0.297000 0.034600 -1.289300 1 4 1.000000
  4 -0.278800 -4.496501 57.667194 -0.409713 -0.867528 0.282009 0.047100 -1.289300 1 4 1.000000
  3 0.365700 -4.784101 55.183601 0.272910 -0.957534 0.093003 0.033400 -1.401700 1 3 1.000000
tiesandties
  3 0.878600 -4.460201 55.096001 0.962931 0.268109 0.029701 0.021800 -1.401700 1 3 1.000000
  4 0.288900 -4.498501 57.667397 0.405500 -0.864500 0.297000 0.034600 -1.289300 1 4 1.000000
  3 0.365700 -4.784101 55.183601 0.272910 -0.957534 0.093003 0.033400 -1.401700 1 3 1.000000
tiesandties
  4 0.626300 -4.105901 57.518795 0.926879 0.374191 -0.029599 0.024500 -1.289300 1 4 1.000000
  4 0.288900 -4.498501 57.667397 0.405500 -0.864500 0.297000 0.034600 -1.289300 1 4 1.000000
  3 0.878600 -4.460201 55.096001 0.962931 0.268109 0.029701 0.021800 -1.401700 1 3 1.000000
tiesandties
  4 0.288900 -4.112102 57.523296 -0.008500 0.951994 -0.305998 0.034600 -1.289300 1 4 1.000000
  4 0.626300 -4.105901 57.518795 0.926879 0.374191 -0.029599 0.024500 -1.289300 1 4 1.000000
  3 0.878600 -4.460201 55.096001 0.962931 0.268109 0.029701 0.021800 -1.401700 1 3 1.000000
tiesandties
  4 0.192600 -3.269500 59.156796 -0.009000 0.796099 -0.605099 0.036800 -1.224600 1 4 1.000000
  4 0.626300 -4.105901 57.518795 0.926879 0.374191 -0.029599 0.024500 -1.289300 1 4 1.000000
  4 0.288900 -4.112102 57.523296 -0.008500 0.951994 -0.305998 0.034600 -1.289300 1 4 1.000000
tiesandties
  4 0.192600 -3.269500 59.156796 -0.009000 0.796099 -0.605099 0.036800 -1.224600 1 4 1.000000
  4 0.348000 -3.265702 59.155296 0.780090 0.396495 -0.483994 0.027200 -1.221600 1 4 1.000000
  4 0.626300 -4.105901 57.518795 0.926879 0.374191 -0.029599 0.024500 -1.289300 1 4 1.000000
tiesandties
  4 0.348000 -3.265702 59.155296 0.780090 0.396495 -0.483994 0.027200 -1.221600 1 4 1.000000
  4 0.192600 -3.269500 59.156796 -0.009000 0.796099 -0.605099 0.036800 -1.224600 1 4 1.000000
  4 0.527200 -2.670801 59.715595 -0.180092 0.858261 -0.480578 0.027200 -1.185500 1 4 1.000000
tiesandties
  4 0.527200 -2.670801 59.715595 -0.180092 0.858261 -0.480578 0.027200 -1.185500 1 4 1.000000
  4 0.192600 -3.269500 59.156796 -0.009000 0.796099 -0.605099 0.036800 -1.224600 1 4 1.000000
  4 0.000300 -2.673701 59.697395 0.002200 0.919530 -0.393013 0.042200 -1.191600 1 4 1.000000
tiesandties
  4 0.527200 -2.670801 59.715595 -0.180092 0.858261 -0.480578 0.027200 -1.185500 1 4 1.000000
  4 0.000300 -2.673701 59.697395 0.002200 0.919530 -0.393013 0.042200 -1.191600 1 4 1.000000
  4 -0.005100 -2.726001 60.959396 0.002500 0.067202 0.997736 0.042200 -1.155500 1 4 1.000000
tiesandties
  4 0.530400 -2.444300 60.912395 0.295103 0.500305 0.814008 0.027200 -1.152500 1 4 1.000000
  4 0.527200 -2.670801 59.715595 -0.180092 0.858261 -0.480578 0.027200 -1.185500 1 4 1.000000
  4 -0.005100 -2.726001 60.959396 0.002500 0.067202 0.997736 0.042200 -1.155500 1 4 1.000000
tiesandties
  4 0.288900 -4.498501 57.667397 0.405500 -0.864500 0.297000 0.034600 -1.289300 1 4 1.000000
  4 0.192600 -3.705801 59.202698 0.544921 -0.747429 0.380015 0.036800 -1.224600 1 4 1.000000
  4 -0.278800 -4.496501 57.667194 -0.409713 -0.867528 0.282009 0.047100 -1.289300 1 4 1.000000
tiesandties
  4 0.626300 -4.105901 57.518795 0.926879 0.374191 -0.029599 0.024500 -1.289300 1 4 1.000000
  4 0.192600 -3.705801 59.202698 0.544921 -0.747429 0.380015 0.036800 -1.224600 1 4 1.000000
  4 0.288900 -4.498501 57.667397 0.405500 -0.864500 0.297000 0.034600 -1.289300 1 4 1.000000
tiesandties
  4 0.348000 -3.265702 59.155296 0.780090 0.396495 -0.483994 0.027200 -1.221600 1 4 1.000000
  4 0.192600 -3.705801 59.202698 0.544921 -0.747429 0.380015 0.036800 -1.224600 1 4 1.000000
  4 0.626300 -4.105901 57.518795 0.926879 0.374191 -0.029599 0.024500 -1.289300 1 4 1.000000
tiesandties
  4 0.684000 -2.650800 59.699696 0.679813 0.347907 -0.645612 0.021800 -1.194600 1 4 1.000000
  4 0.527200 -3.032401 60.178795 0.678103 -0.670503 0.301001 0.027200 -1.185500 1 4 1.000000
  4 0.348000 -3.265702 59.155296 0.780090 0.396495 -0.483994 0.027200 -1.221600 1 4 1.000000
tiesandties
  4 0.192600 -3.705801 59.202698 0.544921 -0.747429 0.380015 0.036800 -1.224600 1 4 1.000000
  4 0.348000 -3.265702 59.155296 0.780090 0.396495 -0.483994 0.027200 -1.221600 1 4 1.000000
  4 0.527200 -3.032401 60.178795 0.678103 -0.670503 0.301001 0.027200 -1.185500 1 4 1.000000
tiesandties
  4 0.192600 -3.705801 59.202698 0.544921 -0.747429 0.380015 0.036800 -1.224600 1 4 1.000000
  4 0.527200 -3.032401 60.178795 0.678103 -0.670503 0.301001 0.027200 -1.185500 1 4 1.000000
  4 0.000300 -3.283801 60.071697 -0.001800 -0.859882 0.510489 0.042200 -1.191600 1 4 1.000000
tiesandties
  4 0.000300 -3.283801 60.071697 -0.001800 -0.859882 0.510489 0.042200 -1.191600 1 4 1.000000
  4 -0.168700 -3.685901 59.292896 -0.496288 -0.777481 0.386291 0.046300 -1.224600 1 4 1.000000
  4 0.192600 -3.705801 59.202698 0.544921 -0.747429 0.380015 0.036800 -1.224600 1 4 1.000000
tiesandties
  4 -0.168700 -3.685901 59.292896 -0.496288 -0.777481 0.386291 0.046300 -1.224600 1 4 1.000000
  4 -0.278800 -4.496501 57.667194 -0.409713 -0.867528 0.282009 0.047100 -1.289300 1 4 1.000000
  4 0.192600 -3.705801 59.202698 0.544921 -0.747429 0.380015 0.036800 -1.224600 1 4 1.000000
tiesandties
  4 -0.630500 -4.101101 57.518497 -0.935684 0.346894 -0.064499 0.057100 -1.289300 1 4 1.000000
  4 -0.278800 -4.496501 57.667194 -0.409713 -0.867528 0.282009 0.047100 -1.289300 1 4 1.000000
  4 -0.168700 -3.685901 59.292896 -0.496288 -0.777481 0.386291 0.046300 -1.224600 1 4 1.000000
tiesandties
  3 -0.376500 -4.778202 55.182899 -0.283891 -0.952469 0.110496 0.049600 -1.401700 1 3 1.000000
  4 -0.278800 -4.496501 57.667194 -0.409713 -0.867528 0.282009 0.047100 -1.289300 1 4 1.000000
  4 -0.630500 -4.101101 57.518497 -0.935684 0.346894 -0.064499 0.057100 -1.289300 1 4 1.000000
tiesandties
  3 -0.918500 -4.448802 55.095100 -0.962128 0.263108 0.071302 0.059800 -1.401700 1 3 1.000000
  3 -0.376500 -4.778202 55.182899 -0.283891 -0.952469 0.110496 0.049600 -1.401700 1 3 1.000000
  4 -0.630500 -4.101101 57.518497 -0.935684 0.346894 -0.064499 0.057100 -1.289300 1 4 1.000000
tiesandties
  4 0.684000 -2.650800 59.699696 0.679813 0.347907 -0.645612 0.021800 -1.194600 1 4 1.000000
  4 0.916200 -2.286601 60.199196 0.680620 0.732321 -0.021501 0.017700 -1.164500 1 4 1.000000
  4 0.527200 -3.032401 60.178795 0.678103 -0.670503 0.301001 0.027200 -1.185500 1 4 1.000000
tiesandties
  4 0.916200 -2.286601 60.199196 0.680620 0.732321 -0.021501 0.017700 -1.164500 1 4 1.000000
  4 1.513200 -1.867002 60.946198 0.408215 -0.816530 0.408215 0.017700 -1.125500 1 4 1.000000
  4 0.530400 -2.444300 60.912395 0.295103 0.500305 0.814008 0.027200 -1.152500 1 4 1.000000
tiesandties
  4 1.513200 -1.867002 60.946198 0.408215 -0.816530 0.408215 0.017700 -1.125500 1 4 1.000000
  4 0.916200 -2.286601 60.199196 0.680620 0.732321 -0.021501 0.017700 -1.164500 1 4 1.000000
  4 0.530400 -2.444300 60.912395 0.295103 0.500305 0.814008 0.027200 -1.152500 1 4 1.000000
tiesandties
  4 0.916200 -2.286601 60.199196 0.680620 0.732321 -0.021501 0.017700 -1.164500 1 4 1.000000
  4 1.932800 -1.873701 60.750095 0.557086 -0.742781 0.371391 0.009600 -1.137500 1 4 1.000000
  4 1.513200 -1.867002 60.946198 0.408215 -0.816530 0.408215 0.017700 -1.125500 1 4 1.000000
tiesandties
  4 1.932800 -1.873701 60.750095 0.557086 -0.742781 0.371391 0.009600 -1.137500 1 4 1.000000
  4 0.916200 -2.286601 60.199196 0.680620 0.732321 -0.021501 0.017700 -1.164500 1 4 1.000000
  4 1.513200 -1.867002 60.946198 0.408215 -0.816530 0.408215 0.017700 -1.125500 1 4 1.000000
tiesandties
  3 -0.446300 -4.896102 52.967602 -0.227594 -0.971973 0.058898 0.051300 -1.510300 1 3 1.000000
  3 0.468900 -4.886302 52.967701 0.250696 -0.966284 0.058699 0.031700 -1.510300 1 3 1.000000
  3 -0.376500 -4.778202 55.182899 -0.283891 -0.952469 0.110496 0.049600 -1.401700 1 3 1.000000
tiesandties
  3 -1.111300 -4.561801 52.970001 -0.977655 0.208190 0.029099 0.065000 -1.510300 1 3 1.000000
  3 -0.446300 -4.896102 52.967602 -0.227594 -0.971973 0.058898 0.051300 -1.510300 1 3 1.000000
  3 -0.376500 -4.778202 55.182899 -0.283891 -0.952469 0.110496 0.049600 -1.401700 1 3 1.000000
tiesandties
  3 -0.918500 -4.448802 55.095100 -0.962128 0.263108 0.071302 0.059800 -1.401700 1 3 1.000000
  3 -1.111300 -4.561801 52.970001 -0.977655 0.208190 0.029099 0.065000 -1.510300 1 3 1.000000
  3 -0.376500 -4.778202 55.182899 -0.283891 -0.952469 0.110496 0.049600 -1.401700 1 3 1.000000
tiesandties
  3 -1.111300 -4.561801 52.970001 -0.977655 0.208190 0.029099 0.065000 -1.510300 1 3 1.000000
  3 -0.918500 -4.448802 55.095100 -0.962128 0.263108 0.071302 0.059800 -1.401700 1 3 1.000000
  3 -0.376500 -4.454201 55.099800 0.008700 0.995256 -0.096896 0.049600 -1.401700 1 3 1.000000
tiesandties
  3 -0.376500 -4.454201 55.099800 0.008700 0.995256 -0.096896 0.049600 -1.401700 1 3 1.000000
  3 -0.918500 -4.448802 55.095100 -0.962128 0.263108 0.071302 0.059800 -1.401700 1 3 1.000000
  4 -0.630500 -4.101101 57.518497 -0.935684 0.346894 -0.064499 0.057100 -1.289300 1 4 1.000000
tiesandties
  4 -0.278800 -4.110101 57.523197 0.016100 0.952311 -0.304704 0.047100 -1.289300 1 4 1.000000
  3 -0.376500 -4.454201 55.099800 0.008700 0.995256 -0.096896 0.049600 -1.401700 1 3 1.000000
  4 -0.630500 -4.101101 57.518497 -0.935684 0.346894 -0.064499 0.057100 -1.289300 1 4 1.000000
tiesandties
  4 -0.278800 -4.110101 57.523197 0.016100 0.952311 -0.304704 0.047100 -1.289300 1 4 1.000000
  4 -0.630500 -4.101101 57.518497 -0.935684 0.346894 -0.064499 0.057100 -1.289300 1 4 1.000000
  4 -0.168700 -3.269400 59.157597 0.005400 0.795466 -0.605974 0.046300 -1.224600 1 4 1.000000
tiesandties
  4 -0.168700 -3.269400 59.157597 0.005400 0.795466 -0.605974 0.046300 -1.224600 1 4 1.000000
  4 -0.630500 -4.101101 57.518497 -0.935684 0.346894 -0.064499 0.057100 -1.289300 1 4 1.000000
  4 -0.324500 -3.267501 59.155697 -0.789443 0.406622 -0.459825 0.055800 -1.221600 1 4 1.000000
tiesandties
  4 -0.630500 -4.101101 57.518497 -0.935684 0.346894 -0.064499 0.057100 -1.289300 1 4 1.000000
  4 -0.168700 -3.685901 59.292896 -0.496288 -0.777481 0.386291 0.046300 -1.224600 1 4 1.000000
  4 -0.324500 -3.267501 59.155697 -0.789443 0.406622 -0.459825 0.055800 -1.221600 1 4 1.000000
tiesandties
  4 -0.504600 -3.029701 60.177795 -0.691710 -0.665810 0.279704 0.055800 -1.185500 1 4 1.000000
  4 -0.324500 -3.267501 59.155697 -0.789443 0.406622 -0.459825 0.055800 -1.221600 1 4 1.000000
  4 -0.168700 -3.685901 59.292896 -0.496288 -0.777481 0.386291 0.046300 -1.224600 1 4 1.000000
tiesandties
  4 0.000300 -3.283801 60.071697 -0.001800 -0.859882 0.510489 0.042200 -1.191600 1 4 1.000000
  4 -0.504600 -3.029701 60.177795 -0.691710 -0.665810 0.279704 0.055800 -1.185500 1 4 1.000000
  4 -0.168700 -3.685901 59.292896 -0.496288 -0.777481 0.386291 0.046300 -1.224600 1 4 1.000000
tiesandties
  4 0.000300 -3.283801 60.071697 -0.001800 -0.859882 0.510489 0.042200 -1.191600 1 4 1.000000
  4 -0.005100 -2.726001 60.959396 0.002500 0.067202 0.997736 0.042200 -1.155500 1 4 1.000000
  4 -0.504600 -3.029701 60.177795 -0.691710 -0.665810 0.279704 0.055800 -1.185500 1 4 1.000000
tiesandties
  4 0.000300 -3.283801 60.071697 -0.001800 -0.859882 0.510489 0.042200 -1.191600 1 4 1.000000
  4 0.527200 -3.032401 60.178795 0.678103 -0.670503 0.301001 0.027200 -1.185500 1 4 1.000000
  4 -0.005100 -2.726001 60.959396 0.002500 0.067202 0.997736 0.042200 -1.155500 1 4 1.000000
tiesandties
  4 0.527200 -3.032401 60.178795 0.678103 -0.670503 0.301001 0.027200 -1.185500 1 4 1.000000
  4 0.530400 -2.444300 60.912395 0.295103 0.500305 0.814008 0.027200 -1.152500 1 4 1.000000
  4 -0.005100 -2.726001 60.959396 0.002500 0.067202 0.997736 0.042200 -1.155500 1 4 1.000000
tiesandties
  4 0.527200 -3.032401 60.178795 0.678103 -0.670503 0.301001 0.027200 -1.185500 1 4 1.000000
  4 0.916200 -2.286601 60.199196 0.680620 0.732321 -0.021501 0.017700 -1.164500 1 4 1.000000
  4 0.530400 -2.444300 60.912395 0.295103 0.500305 0.814008 0.027200 -1.152500 1 4 1.000000
tiesandties
  4 0.916200 -2.286601 60.199196 0.680620 0.732321 -0.021501 0.017700 -1.164500 1 4 1.000000
  4 0.527200 -2.670801 59.715595 -0.180092 0.858261 -0.480578 0.027200 -1.185500 1 4 1.000000
  4 0.530400 -2.444300 60.912395 0.295103 0.500305 0.814008 0.027200 -1.152500 1 4 1.000000
tiesandties
  4 0.916200 -2.286601 60.199196 0.680620 0.732321 -0.021501 0.017700 -1.164500 1 4 1.000000
  4 0.684000 -2.650800 59.699696 0.679813 0.347907 -0.645612 0.021800 -1.194600 1 4 1.000000
  4 0.527200 -2.670801 59.715595 -0.180092 0.858261 -0.480578 0.027200 -1.185500 1 4 1.000000
tiesandties
  4 0.527200 -2.670801 59.715595 -0.180092 0.858261 -0.480578 0.027200 -1.185500 1 4 1.000000
  4 0.684000 -2.650800 59.699696 0.679813 0.347907 -0.645612 0.021800 -1.194600 1 4 1.000000
  4 0.348000 -3.265702 59.155296 0.780090 0.396495 -0.483994 0.027200 -1.221600 1 4 1.000000
end
