// Created by Crowbar 0.55
version 1
nodes
  0 "static_prop" -1
end
skeleton
  time 0
    0 0.007071 0.000000 0.902034 0.000000 0.000000 0.000000
end
triangles
  phy
    0 2.246802 0.484395 2.367879 0.899522 0.335217 -0.280159 0 0
    0 2.607602 1.072299 -0.413120 0.987116 -0.149953 0.055823 0 0
    0 2.577702 1.783496 1.420581 0.948593 -0.266323 -0.171005 0 0
  phy
    0 2.577702 1.783496 1.420581 0.948593 -0.266323 -0.171005 0 0
    0 2.218102 1.562995 2.643981 -0.892563 -0.436343 -0.113735 0 0
    0 2.246802 0.484395 2.367879 0.899522 0.335217 -0.280159 0 0
  phy
    0 2.577702 1.783496 1.420581 0.948593 -0.266323 -0.171005 0 0
    0 2.607602 1.072299 -0.413120 0.987116 -0.149953 0.055823 0 0
    0 2.297302 1.551803 -2.791019 -0.588444 -0.783255 0.200614 0 0
  phy
    0 2.297302 1.551803 -2.791019 -0.588444 -0.783255 0.200614 0 0
    0 2.218102 1.562995 2.643981 -0.892563 -0.436343 -0.113735 0 0
    0 2.577702 1.783496 1.420581 0.948593 -0.266323 -0.171005 0 0
  phy
    0 2.311402 0.041602 -2.113521 -0.940002 -0.301199 0.160237 0 0
    0 2.607602 1.072299 -0.413120 0.987116 -0.149953 0.055823 0 0
    0 2.246802 0.484395 2.367879 0.899522 0.335217 -0.280159 0 0
  phy
    0 2.311402 0.041602 -2.113521 -0.940002 -0.301199 0.160237 0 0
    0 2.246802 0.484395 2.367879 0.899522 0.335217 -0.280159 0 0
    0 2.218102 1.562995 2.643981 -0.892563 -0.436343 -0.113735 0 0
  phy
    0 2.297302 1.551803 -2.791019 -0.588444 -0.783255 0.200614 0 0
    0 2.607602 1.072299 -0.413120 0.987116 -0.149953 0.055823 0 0
    0 2.311402 0.041602 -2.113521 -0.940002 -0.301199 0.160237 0 0
  phy
    0 2.297302 1.551803 -2.791019 -0.588444 -0.783255 0.200614 0 0
    0 2.311402 0.041602 -2.113521 -0.940002 -0.301199 0.160237 0 0
    0 2.218102 1.562995 2.643981 -0.892563 -0.436343 -0.113735 0 0
  phy
    0 -2.630498 0.417704 -3.353420 0.171460 0.984987 0.020032 0 0
    0 -1.989698 1.251904 -3.546920 0.171460 0.984987 0.020032 0 0
    0 2.335002 1.625802 -2.592519 0.171460 0.984987 0.020032 0 0
  phy
    0 -1.989698 1.251904 -3.546920 0.171460 0.984987 0.020032 0 0
    0 -2.630498 0.417704 -3.353420 0.171460 0.984987 0.020032 0 0
    0 2.335002 1.625802 -2.592519 0.171460 0.984987 0.020032 0 0
  phy
    0 -2.630498 0.417794 3.339580 -0.163551 -0.985559 -0.043874 0 0
    0 -1.044997 1.398094 3.397280 -0.163551 -0.985559 -0.043874 0 0
    0 2.312102 1.650895 2.477681 -0.163551 -0.985559 -0.043874 0 0
  phy
    0 -1.044997 1.398094 3.397280 -0.163551 -0.985559 -0.043874 0 0
    0 -2.630498 0.417794 3.339580 -0.163551 -0.985559 -0.043874 0 0
    0 2.312102 1.650895 2.477681 -0.163551 -0.985559 -0.043874 0 0
  phy
    0 2.209163 0.106074 -2.291505 0.501003 0.815459 0.289866 0 0
    0 -2.518298 0.678904 -3.482120 -0.222790 0.957651 0.182401 0 0
    0 2.386102 1.234403 -2.672420 0.506711 0.747026 0.430344 0 0
  phy
    0 2.386102 1.234403 -2.672420 0.506711 0.747026 0.430344 0 0
    0 2.417802 0.056501 -1.242022 0.228786 0.962947 0.142793 0 0
    0 2.209163 0.106074 -2.291505 0.501003 0.815459 0.289866 0 0
  phy
    0 -2.518298 0.678904 -3.482120 -0.222790 0.957651 0.182401 0 0
    0 2.209163 0.106074 -2.291505 0.501003 0.815459 0.289866 0 0
    0 2.417802 0.056501 -1.242022 0.228786 0.962947 0.142793 0 0
  phy
    0 2.577702 1.783496 1.420581 0.782139 -0.513258 -0.353305 0 0
    0 2.289802 0.105096 1.996978 0.558407 0.370663 -0.742153 0 0
    0 2.377102 0.062197 1.188178 0.741661 0.667237 -0.068802 0 0
  phy
    0 2.377102 0.062197 1.188178 0.741661 0.667237 -0.068802 0 0
    0 2.607602 1.072299 -0.413120 0.991491 -0.123986 0.039674 0 0
    0 2.577702 1.783496 1.420581 0.782139 -0.513258 -0.353305 0 0
  phy
    0 2.577702 1.783496 1.420581 0.782139 -0.513258 -0.353305 0 0
    0 -1.044997 1.398094 3.397280 0.037995 -0.877306 -0.478426 0 0
    0 2.218102 1.562995 2.643981 0.252733 -0.581714 -0.773133 0 0
  phy
    0 2.577702 1.783496 1.420581 0.782139 -0.513258 -0.353305 0 0
    0 2.518002 1.803701 -1.743919 0.793747 -0.599041 0.105436 0 0
    0 -1.044997 1.398094 3.397280 0.037995 -0.877306 -0.478426 0 0
  phy
    0 2.218102 1.562995 2.643981 0.252733 -0.581714 -0.773133 0 0
    0 2.289802 0.105096 1.996978 0.558407 0.370663 -0.742153 0 0
    0 2.577702 1.783496 1.420581 0.782139 -0.513258 -0.353305 0 0
  phy
    0 2.577702 1.783496 1.420581 0.782139 -0.513258 -0.353305 0 0
    0 2.607602 1.072299 -0.413120 0.991491 -0.123986 0.039674 0 0
    0 2.518002 1.803701 -1.743919 0.793747 -0.599041 0.105436 0 0
  phy
    0 2.518002 1.803701 -1.743919 0.793747 -0.599041 0.105436 0 0
    0 2.607602 1.072299 -0.413120 0.991491 -0.123986 0.039674 0 0
    0 2.386102 1.234403 -2.672420 0.506711 0.747026 0.430344 0 0
  phy
    0 2.386102 1.234403 -2.672420 0.506711 0.747026 0.430344 0 0
    0 2.607602 1.072299 -0.413120 0.991491 -0.123986 0.039674 0 0
    0 2.417802 0.056501 -1.242022 0.228786 0.962947 0.142793 0 0
  phy
    0 -2.518298 0.678904 -3.482120 -0.222790 0.957651 0.182401 0 0
    0 -1.726298 1.332504 -3.540719 -0.806584 -0.570420 0.155055 0 0
    0 2.386102 1.234403 -2.672420 0.506711 0.747026 0.430344 0 0
  phy
    0 2.386102 1.234403 -2.672420 0.506711 0.747026 0.430344 0 0
    0 -1.726298 1.332504 -3.540719 -0.806584 -0.570420 0.155055 0 0
    0 2.518002 1.803701 -1.743919 0.793747 -0.599041 0.105436 0 0
  phy
    0 2.218102 1.562995 2.643981 0.252733 -0.581714 -0.773133 0 0
    0 -1.044997 1.398094 3.397280 0.037995 -0.877306 -0.478426 0 0
    0 2.289802 0.105096 1.996978 0.558407 0.370663 -0.742153 0 0
  phy
    0 2.518002 1.803701 -1.743919 0.793747 -0.599041 0.105436 0 0
    0 -1.726298 1.332504 -3.540719 -0.806584 -0.570420 0.155055 0 0
    0 -1.044997 1.398094 3.397280 0.037995 -0.877306 -0.478426 0 0
  phy
    0 -1.726298 1.332504 -3.540719 -0.806584 -0.570420 0.155055 0 0
    0 -2.675098 0.529594 3.385779 -0.438672 0.844549 -0.307088 0 0
    0 -1.044997 1.398094 3.397280 0.037995 -0.877306 -0.478426 0 0
  phy
    0 2.289802 0.105096 1.996978 0.558407 0.370663 -0.742153 0 0
    0 -1.044997 1.398094 3.397280 0.037995 -0.877306 -0.478426 0 0
    0 -2.675098 0.529594 3.385779 -0.438672 0.844549 -0.307088 0 0
  phy
    0 2.377102 0.062197 1.188178 0.741661 0.667237 -0.068802 0 0
    0 2.289802 0.105096 1.996978 0.558407 0.370663 -0.742153 0 0
    0 -2.675098 0.529594 3.385779 -0.438672 0.844549 -0.307088 0 0
  phy
    0 2.417802 0.056501 -1.242022 0.228786 0.962947 0.142793 0 0
    0 2.377102 0.062197 1.188178 0.741661 0.667237 -0.068802 0 0
    0 -2.675098 0.529594 3.385779 -0.438672 0.844549 -0.307088 0 0
  phy
    0 2.417802 0.056501 -1.242022 0.228786 0.962947 0.142793 0 0
    0 2.607602 1.072299 -0.413120 0.991491 -0.123986 0.039674 0 0
    0 2.377102 0.062197 1.188178 0.741661 0.667237 -0.068802 0 0
  phy
    0 -2.518298 0.678904 -3.482120 -0.222790 0.957651 0.182401 0 0
    0 -2.675098 0.529594 3.385779 -0.438672 0.844549 -0.307088 0 0
    0 -1.726298 1.332504 -3.540719 -0.806584 -0.570420 0.155055 0 0
  phy
    0 -2.518298 0.678904 -3.482120 -0.222790 0.957651 0.182401 0 0
    0 2.417802 0.056501 -1.242022 0.228786 0.962947 0.142793 0 0
    0 -2.675098 0.529594 3.385779 -0.438672 0.844549 -0.307088 0 0
end
